2409862633505726591898713636073963438255286655947039316572631197977371469078
7588210922488551910642123809376860895729506591565845345929611911865101592454
11116359768299698257549704219170283082821621413199495246823861706569636477903
7417023205963983391265606338737801665457499807230748294381539994576421378759
20371278121133736489896301210551528677208366533892178972661464810251946927729
3384225525719516039196260556818718423283442190023275633914444184295067539430
10330162338296882517463801230701161244065504038635246350020259080006746543738
6646487460976353679916528715019649585966177668151582400813382148154749546090
11600683391821903519639068860917395564048446635632779216064927606237109003300
9241276494557229354931196354664611354497930322907441901390182948210556431160
11141236927213230564405316633392905003849197653842017464243425479555052053045
2173256431295341419214847073184734233656676342383740874467882309521738317237
1002124993109471741012851196462649220284194241162353093533642592604874418063
2586042118576611535075905221091523927171995773808460006069124477372481654840
9291032820047013183498436072280834903902324546935286035648394851045147069160
11825100557976891356119754811324641234576611104932919829534612178256762961515
8956703695311787451193362318588857533940852604516828630172162505355921712314
14959044493565311626305839487970075187234783624488726730188917409853224342113
20281098344098753436403545077683987847967399731185629256079291950032330838857
13750900363068142154607969183909641548308496244492950507438253783418937196307
19571569648252760271808039544122535393166502718189132519527794917269055391962
13094328998914254498404545121830160921740117173869932478557925659656684644669
21055419824109667210271408144816105711700055270017398255405672676256938166512
10050222747591104315198054816434720377785663473275503774629811102388834520003
8246376040154115419657511749112533249929826091992996554420496473975287739893
14569187450963068501427973346433656982913381607446927178377612702560290659730
20457123814685512917581612599451604242578142936134648602966046231661317035284
6878197256422934008411604783084110256258115751259507979162303466061597339957
18309952196057567192108580592159109243325308296527933377986708003536845375126
20716253265529769609799737946443854002117492097042833353513690010648868138145
11888268584887294004284922695041674273678464722092856368511413964626732735518
14243642341351543329387847818412268500554299166097609599851443041051091645928