14940766826517323942636479241147756311199852622225275649687664389641784935947
9039105517068794046443178969966956290354169909878275217343709388481499192884
17866168158253210457029853056626486750566538169858063760037544475839587513419
8353089677377103612376907029239831201621163137110616679113215703556701300027
19540430494807482326159819597004422086093766032135589407132600596362845576832
8872702486438684431979194519742286813420583740456103913315145040251662344859
7453743110195651009871841175551411207906567694170420694440975759997908783171
398060900184764123111996659293386330445164342166284510961681463198684035472
15480425210935858833842661136375613442295926160997485829640439761218028937032
15634706786522089014999940912207647497621112715300598509090847765194894752723
9222527969605388450625148037496647087331675164191659244434925070698893435503
20580681596408674675161806693190042586237586932987042748222592033583012763427
10550721784764313104495045260998680866741519845912303749987955721122349694799
17954246360286030155964829628957708313221740857458900125086740464920262965522
1
19948296420068151690494578045007602209002435703252307815576287380150465205223
3129367762345963594274568905275549356372576350093744685021048345918288057911
17469007932342511601170074881470761592846509154174309952071845811087332797745
6947476045321951279609926504109518777348511778190758694010539796934023559670
13535153194462171609869498716017443886927201263305417664584988483019107195590
2347812377031792896086586148252853002454598368280444936565603590212962918785
295067781178595493280216205174319000837922194172390491276734400592433488195
14434499761643624212374564569705863880641796706245613649257228426577899712446
21490181971654511099134409085963888758103200058249749832736522723377124460145
4407920970296243842541313971887945403937097133418418784715
6407817660903416388403744608881661646252438239418548514057764425357779558585
6253536085317186207246464833049627590927251685115435834607356421380913742894
12665714902233886771621257707760628001216689236224375099263279115876915060114
8613538655231327379234925296132678673308827349856085326283699237864372525723
11337521087074962117751360484258594221806844554503730593710248465453458800818
1307561275430600547084599052067232502310777467428991595475612152992795732190
17704588942648532530972307366230787358793284390049200127770755029903181125533